0,1
0.0,-23.243164
0.1010101,9.082533
0.2020202,8.270779
0.3030303,9.6761875
0.4040404,8.7909975
0.5050505,9.464417
0.6060606,9.028297
0.7070707,10.3549595
0.8080808,10.901745
0.9090909,9.539099
1.010101,29.362251
1.111111,10.964937
1.2121212,11.769112
1.3131313,11.418259
1.4141414,12.017542
1.5151515,11.646688
1.6161616,12.811289
1.7171717,12.440738
1.8181818,12.078614
1.9191918,13.052877
2.020202,-0.40495205
2.121212,13.185757
2.222222,13.149397
2.3232322,14.471452
2.4242425,13.271235
2.5252526,13.852121
2.6262627,14.283282
2.7272727,14.216909
2.8282828,15.165091
2.929293,14.335553
3.030303,20.865921
3.131313,14.978815
3.2323232,16.852835
3.3333333,16.499752
3.4343433,16.261154
3.5353534,17.456333
3.6363635,17.24676
3.7373736,18.151398
3.8383837,17.705278
3.9393938,17.533112
4.040404,29.264404
4.141414,18.082355
4.242424,19.026918
4.3434343,19.751408
4.444444,19.68917
4.5454545,18.926464
4.6464643,20.193426
4.7474747,20.047613
4.848485,20.629047
4.949495,19.764233
5.050505,-21.498617
5.151515,20.492428
5.2525253,20.36429
5.3535357,22.204378
5.4545455,21.924395
5.555556,22.303102
5.6565657,22.457676
5.757576,22.376545
5.858586,23.429073
5.959596,22.188477
6.060606,27.903215
6.1616163,22.7215
6.262626,23.964918
6.3636365,23.564709
6.4646463,24.46803
6.5656567,24.205801
6.6666665,25.496058
6.767677,24.326488
6.868687,24.575321
6.969697,24.827808
7.0707073,19.762215
7.171717,26.262545
7.2727275,27.14407
7.3737373,25.609068
7.4747477,25.694992
7.5757575,26.15703
7.676768,26.51923
7.7777777,27.849485
7.878788,28.055046
7.979798,28.78042
8.080808,48.028503
8.181818,27.772833
8.282828,29.23765
8.383839,28.555391
8.484849,29.819046
8.585858,29.227345
8.686869,30.289217
8.787879,29.19273
8.888889,29.717573
8.989899,30.779623
9.090909,53.854744
9.191919,30.724838
9.29293,31.828394
9.393939,32.164658
9.494949,31.0122
9.59596,31.45603
9.69697,33.158085
9.797979,32.157516
9.89899,32.39296
10.0,32.032406
