0,1,2,3,4,5
0.0,3.2037764,2.916237,7.6942444,0.0,-23.243164
0.1010101,5.334634,-2.250767,25.832447,0.31323335,9.082533
0.2020202,-3.3937647,2.8715804,5.8315554,0.64687276,8.270779
0.3030303,0.9387455,-1.788115,14.007622,1.0009183,9.6761875
0.4040404,1.3245475,6.365842,4.5095067,1.3753699,8.7909975
0.5050505,-0.006554318,-1.5180188,-7.5341234,1.7702274,9.464417
0.6060606,-4.9321933,0.6164956,11.193311,2.1854913,9.028297
0.7070707,1.7493389,3.0864036,-15.561623,2.621161,10.3549595
0.8080808,3.630886,0.45575932,18.764338,3.0772371,10.901745
0.9090909,-1.9453261,2.6395824,20.018494,3.5537188,9.539099
1.010101,5.155458,-3.5238252,9.689059,4.0506067,29.362251
1.111111,5.0657415,-1.6540892,0.6231083,4.5679007,10.964937
1.2121212,5.4750485,1.6994548,4.240183,5.105602,11.769112
1.3131313,3.5998373,2.057038,7.977049,5.6637077,11.418259
1.4141414,-2.866595,2.5343199,-19.674526,6.24222,12.017542
1.5151515,-2.376049,-2.4601326,-9.712811,6.841139,11.646688
1.6161616,-0.6801727,8.177048,-5.64768,7.4604635,12.811289
1.7171717,3.2737038,2.8800228,-3.9369197,8.100193,12.440738
1.8181818,-1.8045496,-0.3029519,0.43391657,8.76033,12.078614
1.9191918,0.36627382,4.093265,5.8809614,9.440873,13.052877
2.020202,-1.8767219,5.1654367,10.642456,10.141822,-0.40495205
2.121212,-3.4332547,3.1840682,2.2114422,10.863176,13.185757
2.222222,1.0877663,-0.2332753,9.611323,11.604937,13.149397
2.3232322,-7.1676054,-2.832634,-0.71376526,12.367104,14.471452
2.4242425,1.3474077,-1.0518799,1.6942854,13.149679,13.271235
2.5252526,-3.6640139,0.52148914,3.8678174,13.952659,13.852121
2.6262627,5.207005,-1.9986532,20.980759,14.776043,14.283282
2.7272727,-11.466673,2.487813,2.228818,15.619835,14.216909
2.8282828,-12.4006,-2.0877187,7.8048353,16.484032,15.165091
2.929293,-5.9772687,4.0616846,21.085972,17.368637,14.335553
3.030303,-1.5313919,-1.6507919,-1.1039672,18.273645,20.865921
3.131313,-4.9040174,0.97366804,14.239759,19.19906,14.978815
3.2323232,1.434164,-3.654212,2.5852158,20.144882,16.852835
3.3333333,0.8741013,-5.4696465,-17.800573,21.11111,16.499752
3.4343433,4.8166933,-1.5476519,5.300024,22.097744,16.261154
3.5353534,2.8560128,5.5895514,23.091932,23.104784,17.456333
3.6363635,-7.734252,3.7835302,-10.826496,24.132229,17.24676
3.7373736,3.8775973,10.132677,5.1547017,25.180082,18.151398
3.8383837,4.906045,-3.2005951,1.216528,26.24834,17.705278
3.9393938,-2.4541967,1.0400734,-17.305527,27.337006,17.533112
4.040404,-4.659739,-7.954831,-7.9504914,28.446075,29.264404
4.141414,-5.6798787,-2.612988,5.6413174,29.575554,18.082355
4.242424,3.582684,7.6673365,19.504871,30.725433,19.026918
4.3434343,-7.2548933,-3.9306755,-3.6129856,31.895725,19.751408
4.444444,5.114567,-2.7789757,27.44895,33.08642,19.68917
4.5454545,3.5213637,3.54938,24.655716,34.29752,18.926464
4.6464643,-7.6630874,-3.6256564,0.41141227,35.529022,20.193426
4.7474747,2.3320184,3.3336244,-2.5862594,36.780937,20.047613
4.848485,-5.876668,1.7902853,6.066264,38.05326,20.629047
4.949495,2.3938396,6.7685003,-18.850338,39.345985,19.764233
5.050505,-0.79665536,-2.1247184,13.794018,40.65912,-21.498617
5.151515,4.7211547,-0.9246726,-0.42433476,41.992653,20.492428
5.2525253,0.9258067,5.343459,-3.3318107,43.346596,20.36429
5.3535357,6.532672,2.2991726,2.5532901,44.72095,22.204378
5.4545455,1.3088899,-3.7996743,33.137146,46.1157,21.924395
5.555556,-10.230693,-7.647267,26.51549,47.53087,22.303102
5.6565657,0.77157974,2.2038355,24.205698,48.96643,22.457676
5.757576,-0.7414615,-11.5922165,8.584019,50.42241,22.376545
5.858586,6.5160346,2.43934,15.754875,51.89879,23.429073
5.959596,5.669962,-1.7778033,8.086267,53.395573,22.188477
6.060606,1.5471427,-2.5015452,-2.2434735,54.912766,27.903215
6.1616163,5.175016,8.4482355,-19.082832,56.450363,22.7215
6.262626,0.10636996,-4.146354,-20.863804,58.00836,23.964918
6.3636365,-5.4042916,-3.919269,7.338858,59.586777,23.564709
6.4646463,-2.863288,0.41784018,8.072406,61.185593,24.46803
6.5656567,1.9995267,9.946035,-7.246909,62.804817,24.205801
6.6666665,-2.3056254,-0.3194228,-20.335186,64.44444,25.496058
6.767677,-6.833667,1.6490777,-9.816052,66.10448,24.326488
6.868687,0.0881154,0.3911299,11.24085,67.78493,24.575321
6.969697,0.96579146,2.048367,-1.2602472,69.48576,24.827808
7.0707073,-7.877052,11.254189,-3.5781026,71.20702,19.762215
7.171717,5.006152,6.821186,2.8560226,72.948685,26.262545
7.2727275,-4.3594456,-0.1355918,-31.637222,74.71075,27.14407
7.3737373,-1.7662288,7.3192844,6.2023306,76.49321,25.609068
7.4747477,0.8645085,5.256813,15.976984,78.2961,25.694992
7.5757575,0.0374574,-0.38682505,38.459908,80.11937,26.15703
7.676768,2.6986551,2.8275251,-17.414299,81.96307,26.51923
7.7777777,2.5289586,1.1122682,-44.23928,83.827156,27.849485
7.878788,-4.571621,7.4198456,-5.923582,85.71167,28.055046
7.979798,-4.5545297,-2.6454985,15.167397,87.61657,28.78042
8.080808,-7.395233,2.1613715,-5.7540164,89.54188,48.028503
8.181818,-0.625127,3.9105918,22.098635,91.4876,27.772833
8.282828,2.817544,9.291086,25.961042,93.453735,29.23765
8.383839,5.220365,-4.3190784,-1.0046781,95.44026,28.555391
8.484849,6.5293007,1.2329637,12.641331,97.447205,29.819046
8.585858,-9.887955,0.089480214,-24.618631,99.47454,29.227345
8.686869,-7.064383,-9.395279,-9.643951,101.52229,30.289217
8.787879,-0.89916563,3.9519286,11.276189,103.590454,29.19273
8.888889,-0.61096436,-3.7349772,-8.881949,105.679016,29.717573
8.989899,8.546544,0.2896135,-11.558079,107.78797,30.779623
9.090909,4.3187017,-2.9450014,-0.8818478,109.91735,53.854744
9.191919,-5.1700096,-1.0893273,-31.584906,112.06714,30.724838
9.29293,-2.7859414,-4.8417354,-9.324801,114.237335,31.828394
9.393939,4.3563957,-0.47820422,-14.3572235,116.42791,32.164658
9.494949,2.0190148,-3.5698917,6.1268935,118.63891,31.0122
9.59596,4.168646,-4.792726,2.773912,120.87032,31.45603
9.69697,5.341239,-1.2636172,20.382772,123.12214,33.158085
9.797979,-0.9407657,-3.855766,-12.402203,125.39433,32.157516
9.89899,0.89943254,-10.633813,-10.249816,127.686966,32.39296
10.0,-0.6704157,-5.2038426,13.8057995,130.0,32.032406
